Webots Project File version R2023b
perspectives: 000000ff00000000fd00000002000000010000011c0000045cfc0200000001fb0000001400540065007800740045006400690074006f007201000000130000045c0000003f00ffffff00000003000009b8000000d9fc0100000001fb0000001a0043006f006e0073006f006c00650041006c006c0041006c006c0100000000000009b80000006900ffffff0000089a0000045c00000001000000020000000100000008fc00000000
simulationViewPerspectives: 000000ff0000000100000002000001be000006da0100000002010000000100
sceneTreePerspectives: 000000ff00000001000000030000001c0000041f000000fa0100000002010000000200
maximizedDockId: -1
centralWidgetVisible: 1
orthographicViewHeight: 1
textFiles: -1
consoles: Console:All:All
renderingDevicePerspectives: rosbot:camera depth;1;0.895833;0;0
renderingDevicePerspectives: rosbot:camera rgb;1;0.895833;0;0
