Webots Project File version R2023b
perspectives: 000000ff00000000fd00000002000000010000011c0000039cfc0200000001fb0000001400540065007800740045006400690074006f007201000000130000039c0000003f00ffffff000000030000050000000039fc0100000001fb0000001a0043006f006e0073006f006c00650041006c006c0041006c006c0100000000000005000000006900ffffff000003e20000039c00000001000000020000000100000008fc00000000
simulationViewPerspectives: 000000ff00000001000000020000013f000002a10100000002010000000100
sceneTreePerspectives: 000000ff00000001000000030000001c0000041f000000fa0100000002010000000200
maximizedDockId: -1
centralWidgetVisible: 1
orthographicViewHeight: 1
textFiles: -1
consoles: Console:All:All
renderingDevicePerspectives: rosbot:camera depth;1;0.0666667;0;0
renderingDevicePerspectives: rosbot:camera rgb;1;0.0666667;0;0
