Webots Project File version R2023b
perspectives: 000000ff00000000fd00000002000000010000011c000006f7fc0200000001fb0000001400540065007800740045006400690074006f00720000000013000006f70000003f00ffffff00000003000009b800000102fc0100000001fb0000001a0043006f006e0073006f006c00650041006c006c0041006c006c0100000000000009b80000006900ffffff000009b80000043300000001000000020000000100000008fc00000000
simulationViewPerspectives: 000000ff00000001000000020000028a0000072c0100000002010000000100
sceneTreePerspectives: 000000ff00000001000000030000001c0000041f000000fa0100000002010000000200
maximizedDockId: -1
centralWidgetVisible: 1
orthographicViewHeight: 1
textFiles: -1
consoles: Console:All:All
renderingDevicePerspectives: rosbot:camera depth;1;0.0666667;0;0
renderingDevicePerspectives: rosbot:camera rgb;1;0.0666667;0;0.520247
